$ 1 0.000005 10.20027730826997 50 5 43 5e-11
v 144 352 144 80 0 0 40 12 0 0 0.5
w 144 80 352 80 0
r 528 80 528 128 0 150
r 448 80 448 128 0 330
r 352 80 352 128 0 150
162 528 128 528 208 2 default-led 0 0 1 0.01
162 528 208 528 272 2 default-led 0 0 1 0.01
162 528 272 528 352 2 default-led 0 0 1 0.01
162 448 128 448 192 2 default-led 1 0 0 0.01
162 448 192 448 256 2 default-led 1 0 0 0.01
162 448 256 448 320 2 default-led 1 0 0 0.01
162 352 128 352 176 2 default-led 0 1 0 0.01
162 352 176 352 224 2 default-led 0 1 0 0.01
162 352 224 352 272 2 default-led 0 1 0 0.01
w 352 80 448 80 0
w 448 80 528 80 0
w 448 320 448 352 0
w 352 272 352 352 0
w 144 352 352 352 0
w 352 352 448 352 0
w 448 352 528 352 0
w 704 352 784 352 0
w 608 352 704 352 0
w 528 352 608 352 0
w 608 272 608 352 0
w 704 320 704 352 0
w 704 80 784 80 0
w 608 80 704 80 0
162 608 224 608 272 2 default-led 0 1 0 0.01
162 608 176 608 224 2 default-led 0 1 0 0.01
162 608 128 608 176 2 default-led 0 1 0 0.01
162 704 256 704 320 2 default-led 1 0 0 0.01
162 704 192 704 256 2 default-led 1 0 0 0.01
162 704 128 704 192 2 default-led 1 0 0 0.01
162 784 272 784 352 2 default-led 0 0 1 0.01
162 784 208 784 272 2 default-led 0 0 1 0.01
162 784 128 784 208 2 default-led 0 0 1 0.01
r 608 80 608 128 0 150
r 704 80 704 128 0 330
r 784 80 784 128 0 150
w 528 80 608 80 0
